//#rank wtime utime stime mtime pcomm gbyte gflop bytes_tx bytes_rx
15 99.9461274926557 98.9122569967739 47.0500990425883 100 100 0 = =
1 99.9450051487527 99.3232087818957 41.419610432486 99.8067827496372 100 0 = =
6 99.9464080786314 98.9054611014947 50.913915483658 99.3246553452957 100 0 = =
24 99.9469692505829 98.8347038388813 53.0775008253549 99.2124794534974 100 0 = =
38 85.9378726532491 98.6851941427378 63.7096401452625 99.1969121868805 100 0 = =
56 85.9381532392248 98.7903306402933 64.3613403763618 98.9606560229297 100 0 = =
10 99.9436022188739 98.7883318475641 52.5616540112248 98.9542459719698 100 0 = =
42 99.9764307780369 99.6905868855211 26.4876196764609 98.9020498427248 100 0 = =
20 99.9478110085102 98.8327050461521 45.5111422911852 98.7152426433219 100 0 = =
33 85.9373114812976 98.9778173982914 66.293661274348 98.7065432884477 100 0 = =
52 85.9395561691036 98.8510939392607 67.765516672169 98.6950967688765 100 0 = =
29 99.9447245627769 99.3144140938873 41.8694288544074 98.5705586359412 100 0 = =
61 85.9373114812976 99.0273874579754 62.1741498844503 98.3297238641619 100 0 = =
47 99.9753084341338 99.2400590043614 20.1797622977881 97.9611459339673 100 0 = =
93 99.9455663207042 99.4967039907896 77.0234400792341 96.6283131950899 100 0 = =
65 99.9475304225344 99.1577087439187 85.1931330472103 96.6012994089017 100 0 = =
97 99.9436022188739 98.7095794140339 43.3142951469132 96.343523788157 100 0 = =
70 99.9478110085102 99.2320638334446 84.492406734896 95.9145082346262 100 0 = =
125 85.1974062632402 98.9754188470164 53.9474248927039 95.7689085056798 100 0 = =
129 99.9579121036372 98.6752001790918 64.7675800594255 94.1865416401489 100 0 = =
157 99.9576315176615 98.7723415057305 60.9571640805546 93.7295965788642 100 0 = =
189 85.448530711538 98.8886712425695 64.0188180917795 93.2085510079805 100 0 = =
161 85.4488112975137 99.0517727292715 65.1491416309013 92.9855728067324 100 0 = =
239 85.2647468974206 98.8323052876063 67.5258336084516 92.9388710068817 100 0 = =
193 85.3783842176 98.5992460553825 52.3733905579399 92.6650702587371 100 0 = =
102 85.1960033333614 98.9426386462577 52.8011720039617 92.4494178300146 100 0 = =
244 85.2686751010811 98.7647460933596 50.4061571475735 92.3436519891762 100 0 = =
230 85.2633439675418 98.731566134055 69.6840541432816 92.1705806132587 100 0 = =
225 85.2650274833963 98.5588704422529 68.7433146252889 92.1206737879281 100 0 = =
198 99.9304146780136 98.3238124172999 27.043661274348 91.8748025475374 100 0 = =
248 85.2672721712024 98.7391615464259 67.4673159458567 91.8010869614985 100 0 = =
221 99.9301340920378 99.1117365111473 28.1659788709145 91.7726995929618 100 0 = =
88 99.9062842840989 99.347194294646 84.2703862660944 91.6513664855064 100 0 = =
234 85.2672721712024 98.541281066236 66.1634202707164 91.3487205080423 100 0 = =
166 85.4527395011743 99.0581688660049 63.6045724661604 91.2750049220034 100 0 = =
253 85.2653080693721 98.4585310472474 67.9798613403764 91.1413095734111 100 0 = =
134 99.9573509316857 98.8866724498403 60.2966325519973 90.8766660409236 100 0 = =
216 99.9304146780136 98.0867555996178 25.3349290194784 88.2691488825908 100 0 = =
207 85.376139529794 98.8079200163101 49.0314460217894 86.7975843265097 100 0 = =
202 99.9290117481348 98.5892520917366 24.9619511389898 86.7069278915053 100 0 = =
212 99.9306952639893 98.538882514961 24.4197755034665 85.7037549162802 100 0 = =
79 99.9461274926557 98.8490951465315 68.8002641135688 85.0664127065525 100 0 = =
152 99.959315033516 98.8347038388813 25.2273027401783 84.9803348793766 100 0 = =
84 99.9466886646072 99.384371839409 80.8533344338065 84.602599733525 100 0 = =
74 99.9264864743531 99.3911677346883 82.8491251238032 84.5046175259951 100 0 = =
120 85.1965645053129 98.8251096337812 53.2140145262463 84.495460310338 100 0 = =
55 85.9384338252006 98.8846736571111 64.1871904919115 84.2972065913638 100 0 = =
36 85.9381532392248 98.8562908003566 67.4557609772202 83.7317485245436 100 0 = =
27 99.9450051487527 99.2556495876491 43.2327500825355 83.4657314097076 100 0 = =
32 85.9378726532491 98.8914695523904 63.6310663585342 82.864560201825 100 0 = =
18 99.9464080786314 98.5828559550032 56.3725652030373 82.6580649887595 100 0 = =
4 99.9472498365587 98.7715419886388 51.9546054803566 82.5536727302696 100 0 = =
13 99.9441633908254 99.2824334102202 42.4528722350611 82.5504677047897 100 0 = =
0 99.9447245627769 98.3314078296709 46.0183228788379 82.5046816265046 100 0 = =
41 85.9367503093461 98.7715419886388 61.942390227798 82.4735470932708 100 0 = =
111 85.1962839193372 98.9706217444664 53.1003631561571 82.33527313685 100 0 = =
23 99.9438828048497 98.4901119723687 48.941152195444 82.2926920840449 100 0 = =
184 85.4533006731258 98.8582895930858 68.0830307032024 82.2056985353034 100 0 = =
59 85.9378726532491 98.6528137005249 62.5470452294487 82.1676960903268 100 0 = =
50 99.9764307780369 99.5042994031605 31.2178111587983 82.0797868200195 100 0 = =
9 99.9444439768012 98.9946072572166 44.847474413998 82.0770396553224 100 0 = =
87 99.9469692505829 98.8934683451195 70.744635193133 82.0642195534026 100 0 = =
44 85.9395561691036 98.9410396120743 63.5252558600198 81.8160590090977 100 0 = =
53 85.9384338252006 98.8462968367106 66.0655331792671 81.6448190763117 100 0 = =
64 99.9472498365587 99.5066979544355 81.8346814130076 81.6237574803006 100 0 = =
45 85.9381532392248 98.9102582040448 64.9109442060086 81.6113952391636 100 0 = =
35 85.9367503093461 99.020991321242 64.1994882799604 81.4332873946348 100 0 = =
39 85.9367503093461 99.1928874959524 61.5032188841202 81.3371366302362 100 0 = =
49 99.9750278481581 99.4339418990929 31.242406734896 81.2867719441227 100 0 = =
143 99.95707034571 98.5440793760569 50.4276989105315 81.2290814854835 100 0 = =
17 99.9452857347284 99.5170916766273 39.3498679432156 81.1805482425014 100 0 = =
3 99.9450051487527 99.0042014623168 45.9184549356223 81.0518893625204 100 0 = =
68 99.9475304225344 99.2352619018113 84.1399801914823 80.9456656608992 100 0 = =
73 99.9461274926557 99.5494721188402 80.5434136678772 80.8847701767801 100 0 = =
26 99.9469692505829 98.8239103581437 52.8754539451964 80.7268082066967 100 0 = =
62 85.9378726532491 98.7531530955303 66.8615879828326 80.7176509910397 100 0 = =
12 99.9450051487527 98.8215118068687 50.9489105315286 80.6956736734628 100 0 = =
58 85.9387144111763 98.6304272219579 62.9750742819412 80.6485140128293 100 0 = =
96 85.1965645053129 98.8654852469109 52.5444866292506 80.6398146579551 100 0 = =
91 99.9458469066799 99.5682607704946 78.4840706503797 80.578919173836 100 0 = =
7 99.9438828048497 98.9550311611787 50.6602013865962 80.5093243348428 100 0 = =
30 99.9469692505829 99.171700293023 45.7415813799934 80.4965042329229 100 0 = =
21 99.9441633908254 98.4089609875635 33.3563057114559 80.3765447078162 100 0 = =
106 85.1974062632402 98.3222133831166 59.3459062396831 80.2556694611437 100 0 = =
128 99.9595956194918 99.0337835947088 58.1404754044239 80.1705073555335 100 0 = =
77 99.9452857347284 99.6146327618119 75.4664905909541 80.049632108861 100 0 = =
175 85.4490918834895 98.8822751058361 65.9803565533179 79.9374562170626 100 0 = =
67 99.9452857347284 99.7557475284928 74.808847804556 79.838558287967 100 0 = =
82 99.9458469066799 98.5356844465943 89.2621327170683 79.6815120394493 100 0 = =
116 99.9441633908254 98.9722207786497 44.5833608451634 79.6618240257867 100 0 = =
81 99.9458469066799 99.6470132040248 75.5037140970617 79.5890241613135 100 0 = =
123 99.9447245627769 98.8071204992185 39.0185704853087 79.517140018406 100 0 = =
138 99.959315033516 98.650015390704 64.419940574447 79.4942469792635 100 0 = =
71 99.9469692505829 99.6358199647413 75.8549851436118 79.4718118009038 100 0 = =
76 99.9450051487527 99.386770390684 80.6209144932321 79.3980962148649 100 0 = =
148 99.9584732755887 98.8826748643819 59.5222020468802 79.3930597462536 100 0 = =
155 99.9590344475403 99.0513729707257 23.1891713436778 79.3532258581456 100 0 = =
85 99.9248029584985 99.5222885377232 74.2427368768571 79.2231933958161 100 0 = =
119 85.1971256772644 98.3813776479007 56.2632056784417 78.9292467732261 100 0 = =
90 99.9469692505829 99.223668903982 81.6321393199076 78.8514104401416 100 0 = =
94 99.9458469066799 99.3863706321382 65.375619016177 78.785936348194 100 0 = =
109 85.1954421614099 99.0685625881967 53.952211951139 78.4329256846163 100 0 = =
114 85.1965645053129 98.7147762751298 56.751898316276 78.4100326454738 100 0 = =
100 85.1957227473856 98.8958668963946 54.228788379003 78.3834767200685 100 0 = =
105 85.1968450912887 98.7507545442553 53.0739517992737 78.333112033955 100 0 = =
108 85.1971256772644 98.9006639989446 55.2631231429515 78.146304834552 100 0 = =
103 85.1965645053129 98.9130565138656 53.7793000990426 78.0996030347013 100 0 = =
160 85.4533006731258 99.1325239555309 62.8890723010895 78.0277188917938 100 0 = =
180 85.4488112975137 98.8079200163101 66.6963519313305 77.8294651728196 100 0 = =
122 99.9433216328982 99.621828415637 39.9910861670518 77.7745218788775 100 0 = =
164 85.4476889536107 98.8434985268898 67.5680092439749 77.7580388906949 100 0 = =
170 85.4516171572712 98.9350432338867 63.0855893034005 77.5629901972006 100 0 = =
113 85.1960033333614 98.9342437167951 54.249669858039 77.562074475635 100 0 = =
151 99.9584732755887 99.0685625881967 51.1951964344668 77.5213248659613 100 0 = =
99 99.9452857347284 99.5626641508529 35.7930835259161 77.4947689405559 100 0 = =
132 99.9601567914433 98.4005660581009 59.847474413998 77.4787438131562 100 0 = =
126 99.9447245627769 99.3911677346883 41.8926213271707 77.3349755273412 100 0 = =
117 99.9430410469224 98.9766181226539 36.0397821063057 77.0543068674539 100 0 = =
146 99.958192689613 98.7671446446346 59.6872730274018 76.5914096159922 100 0 = =
187 85.447408367635 98.8446978025273 63.9317431495543 76.5863731473808 100 0 = =
141 99.9579121036372 99.1181326478807 21.4932320897986 76.5730951846782 100 0 = =
145 99.9576315176615 99.0673633125592 52.343347639485 76.335007577596 100 0 = =
135 99.9576315176615 98.9374417851618 50.2310993727303 76.3093673737563 100 0 = =
158 99.9598762054675 98.8422992512522 59.6501320567844 76.3002101580993 100 0 = =
137 99.9579121036372 99.0705613809259 56.1791845493562 76.2869321953967 100 0 = =
192 85.3764201157698 99.2476544167323 42.5938428524265 76.1939864564781 100 0 = =
131 99.9573509316857 98.6432194954247 20.303482997689 76.0630382725828 100 0 = =
167 85.4490918834895 98.7435588904302 68.3571310663585 76.0515917530116 100 0 = =
224 99.9985970701212 99.3372003310001 36.4877022119511 75.8157934498437 100 0 = =
237 85.2641857254691 99.0409792485339 62.2529712776494 75.658747201326 100 0 = =
169 85.4479695395865 99.0185927699669 53.7236711786068 75.6550843150632 100 0 = =
242 85.2627827955903 98.5620685106196 66.2244965335094 75.6445535170576 100 0 = =
251 99.9997194140243 99.3240082989874 28.5010729613734 75.5653436016245 100 0 = =
163 85.448530711538 98.8323052876063 67.501898316276 75.5355826507392 100 0 = =
154 99.959315033516 98.5936494357408 59.5565368108287 75.4641563686146 100 0 = =
149 99.9573509316857 99.0213910797878 55.6880983823044 75.4000558590155 100 0 = =
178 85.448530711538 98.9538318855411 64.8482172334104 75.2952057397428 100 0 = =
140 99.9590344475403 98.7703427130013 60.9799438758666 75.230189508578 100 0 = =
219 85.3783842176 98.9390408193451 50.9366952789699 75.19676567143 100 0 = =
247 85.2644663114448 98.6819960743711 66.493974909211 75.184403430293 100 0 = =
215 99.9295729200863 98.3673860987963 25.1024265434137 75.1637996950647 100 0 = =
196 99.9309758499651 98.486913904002 24.4682238362496 75.0978677423343 100 0 = =
228 99.9997194140243 99.7049781931713 27.2230108946847 75.0598652973577 100 0 = =
173 85.4479695395865 98.9286470971533 54.7179762297788 75.0388037013466 100 0 = =
210 85.3755783578425 98.6927895551087 53.0451469131727 74.9930176230615 100 0 = =
183 85.4493724694652 98.860288385815 65.8608451634203 74.8368870961096 100 0 = =
201 85.3781036316243 98.8934683451195 52.0327665896335 74.8222355510583 100 0 = =
233 85.2616604516873 98.904661584403 61.9887751733245 74.771413004162 100 0 = =
227 85.2636245535176 98.946636231716 65.8396335424232 74.7242533435284 100 0 = =
205 85.3800677334546 98.7375625122426 48.4231594585672 74.3108050566145 100 0 = =
195 99.9320981938681 98.385375233359 24.7599867943216 74.3098893350488 100 0 = =
190 99.9567897597342 99.6126339690827 25.1568999669858 74.2398366352727 100 0 = =
177 85.4493724694652 98.8311060119688 66.9212611422912 74.235715888227 100 0 = =
186 99.95707034571 100 19.0534004621987 74.2238115078729 100 0 = =
172 85.4533006731258 98.5424803418735 71.8693463189171 74.1615424414053 100 0 = =
241 85.2641857254691 99.0305855263421 62.7641961043249 74.1111777552917 100 0 = =
199 85.3797871474788 98.850294422169 47.4231594585672 74.0864532730178 100 0 = =
181 85.448530711538 98.6823958329169 61.4489105315286 73.9303227460658 100 0 = =
231 100 98.872680900736 27.7051832287884 73.6107359196363 100 0 = =
250 85.2681139291296 98.827907943602 66.1679597226807 73.5759385001396 100 0 = =
222 99.9306952639893 98.2210744710195 24.0839385935952 73.5576240688256 100 0 = =
209 85.3786648035758 98.9922087059416 49.0300429184549 73.4220972771019 100 0 = =
245 85.2636245535176 98.9622268150037 64.9729283591945 73.3657804008113 100 0 = =
213 99.9306952639893 98.3709839257089 24.7436447672499 73.2677981932814 100 0 = =
236 85.2678333431539 98.3402025176793 69.9428029052493 73.2430737110074 100 0 = =
254 85.2681139291296 98.7227714460466 63.1087817761637 73.222927836562 100 0 = =
218 85.3767007017455 98.9918089473958 50.0192307692308 73.0251319783707 100 0 = =
204 85.3758589438183 98.8339043217896 50.0038791680423 72.9889609765255 100 0 = =
11 99.9450051487527 98.2362652957614 63.1660614064048 57.5155558200973 100 0 = =
22 99.9464080786314 98.2622496012409 61.3153681082866 57.2426707935185 100 0 = =
16 99.9455663207042 98.7855335377432 55.3301419610432 56.0229296680051 100 0 = =
75 99.9486527664374 98.7903306402933 91.2859029382635 55.6140599889198 100 0 = =
86 99.9472498365587 98.5876530575532 98.0760977220205 55.0911829749047 100 0 = =
2 99.9486527664374 98.2734428405243 63.5728788379003 54.3082410362305 100 0 = =
80 99.9248029584985 98.4421409468681 100 53.8512959749459 100 0 = =
43 85.9384338252006 98.5272895171316 74.7758336084516 53.6516686736231 100 0 = =
54 85.9375920672733 98.3022254558247 77.925635523275 52.9749504365703 100 0 = =
8 99.9469692505829 98.0667676723259 68.4778804886101 52.883836140783 100 0 = =
25 99.9433216328982 98.1711046527897 65.9395014856388 52.724958449134 100 0 = =
31 99.9427604609467 98.5600697178904 52.8076923076923 52.6924503335516 100 0 = =
139 99.9576315176615 98.4281493977637 65.2190491911522 52.6201083298612 100 0 = =
72 99.9461274926557 98.6136373630327 96.9932320897986 52.4021665972245 100 0 = =
48 85.9389949971521 98.3693848915255 77.9267084846484 52.3554647973737 100 0 = =
66 99.9464080786314 98.2906324579954 89.8605150214592 52.1975028272903 100 0 = =
144 99.9587538615645 98.2738425990702 72.1213271706834 51.8513600754555 100 0 = =
89 99.9455663207042 99.1788959468481 87.8210630571146 51.5610763391283 100 0 = =
150 99.9579121036372 98.3653873060671 69.9175470452295 51.4566840806384 100 0 = =
95 99.9472498365587 99.2568488632866 73.3057114559261 51.0739124661755 100 0 = =
203 85.3758589438183 98.353394549692 64.0375536480687 50.6485597989075 100 0 = =
130 99.9587538615645 98.1671070673313 72.5835259161439 50.5057072346582 100 0 = =
214 85.3752977718668 98.2490575692282 60.0297127764939 50.4892242464756 100 0 = =
34 85.9381532392248 98.3597906864254 72.9081379993397 49.9855773853402 100 0 = =
5 99.9447245627769 98.9522328513578 51.0085011554969 49.839519795611 100 0 = =
28 99.9464080786314 98.232267710303 62.4045064377682 49.7493212213894 100 0 = =
136 99.959315033516 98.2306686761196 71.9204357873886 49.4979556516046 100 0 = =
57 99.9755890201096 99.1701012588397 38.9922416639155 49.4457595223596 100 0 = =
159 99.958192689613 98.4889126967312 67.1437768240343 49.3812011519777 100 0 = =
208 85.3755783578425 98.0607712941383 66.4574116870254 49.2099612191917 100 0 = =
118 85.1965645053129 98.1882942702608 66.1931330472103 49.1788266859579 100 0 = =
107 85.1965645053129 98.5552726153403 64.4051667216903 48.9636321180182 100 0 = =
153 99.9587538615645 98.2162773684694 74.2340706503797 48.9022787731163 100 0 = =
40 85.9375920672733 98.4065624362885 78.3278309673159 48.8047544263691 100 0 = =
69 99.9475304225344 98.8786772789235 92.4983492901948 48.7145558521476 100 0 = =
92 99.9475304225344 98.6136373630327 93.5770881479036 48.1678700774243 100 0 = =
63 85.9378726532491 98.2366650543072 70.4145757675801 47.9293246095592 100 0 = =
112 99.9447245627769 98.7707424715472 55.7489270386266 47.8047864766239 100 0 = =
98 85.1968450912887 98.2886336652662 65.8312974579069 47.7132143200538 100 0 = =
235 85.2644663114448 98.3170165220207 79.8090128755365 47.7054306867454 100 0 = =
200 85.3767007017455 98.4657267010726 61.8044734235721 47.6161478340896 100 0 = =
194 85.3747365999153 98.3302085540334 59.6413832948168 47.4678009404461 100 0 = =
14 99.9478110085102 98.3258112100291 62.4804390888082 47.3208276291511 100 0 = =
246 85.2681139291296 98.0511770890382 64.7718719049191 47.094644402423 100 0 = =
171 99.9579121036372 99.087750998397 38.3506107626279 46.978347763579 100 0 = =
133 99.9579121036372 98.4885129381853 58.068669527897 46.5868767942419 100 0 = =
19 99.9450051487527 98.6048426750243 44.8151205018158 46.52231842386 100 0 = =
223 99.9309758499651 98.0551746744966 29.3303070320238 46.3428369969827 100 0 = =
240 85.2636245535176 98.2790394601661 73.7651039947177 46.3002559441776 100 0 = =
217 99.9309758499651 98.2262713321154 53.6351931330472 46.296135197132 100 0 = =
104 85.1960033333614 98.3242121758458 68.3393034004622 46.1056651114662 100 0 = =
60 85.9381532392248 98.017197612642 75.6248761967646 45.8749032769096 100 0 = =
83 99.924241786547 98.1007471487222 81.2225982172334 45.7442755955624 100 0 = =
176 85.4479695395865 98.2290696419363 80.9484978540773 45.6680417752178 100 0 = =
37 85.9370308953218 98.2690454965201 75.1639980191482 45.3429606193941 100 0 = =
182 85.4488112975137 98.0016070293543 73.1016837240013 45.1724990499389 100 0 = =
127 99.9444439768012 98.4377436028639 46.7145097391878 45.0469536232813 100 0 = =
162 85.4516171572712 98.6668052496292 69.2419115219544 44.9003923866909 100 0 = =
168 85.45302008715 98.5776590939073 73.5986299108617 44.3481664964951 100 0 = =
156 99.9579121036372 98.1739029626106 39.0291350280621 44.2712916710545 100 0 = =
78 99.9466886646072 98.3697846500714 93.7273027401783 44.1440979455787 100 0 = =
121 99.9444439768012 97.8592929870358 51.02847474414 44.1041724853141 100 0 = =
226 85.2641857254691 98.0191964053712 73.6524430505117 43.6931508605493 100 0 = =
232 85.2636245535176 98.1387242105768 81.7745955760977 43.2053459825006 100 0 = =
249 99.9997194140243 99.013395908871 41.5483657972928 43.1023273063592 100 0 = =
46 85.9367503093461 97.8896746365195 78.5285572796302 42.9302632241641 100 0 = =
191 85.448530711538 98.1607109305979 73.2562726972598 42.5010187402418 100 0 = =
51 85.9373114812976 98.3577918936962 72.3142951469132 42.4319275481097 100 0 = =
197 85.3792259755273 98.3002266630955 61.2821063057115 42.3876066243298 100 0 = =
220 85.376139529794 98.5332858953192 59.4232419940574 42.2583983114094 100 0 = =
142 99.9584732755887 98.3170165220207 71.0368933641466 42.0541924022582 100 0 = =
147 99.9579121036372 98.4601300814308 65.2858204027732 41.6954126928166 100 0 = =
185 85.4488112975137 97.9820188606082 76.1034995047871 41.4104859276488 100 0 = =
124 85.1968450912887 98.2626493597867 66.5037140970617 41.2233582256979 100 0 = =
101 85.1974062632402 98.5172955534857 63.7206999009574 41.183707481903 100 0 = =
255 85.2653080693721 98.2454597423156 74.4215912842522 40.5710897544493 100 0 = =
165 99.9576315176615 99.1089382013264 37.7433971607791 39.53705696246 100 0 = =
206 85.3736142560123 98.3234126587541 65.0562066688676 39.4172347955881 100 0 = =
110 99.9438828048497 98.887471966932 55.0100693298118 39.1034628011007 100 0 = =
211 85.3786648035758 98.2398631226739 62.983245295477 39.0890859725192 100 0 = =
115 85.1965645053129 98.5604694764362 64.9177946517002 38.3866359594702 100 0 = =
188 85.448530711538 98.3122194194706 73.3880818752063 37.7318950399941 100 0 = =
252 85.2647468974206 98.3961687140967 77.2789699570816 37.5896834808408 100 0 = =
229 85.2636245535176 98.2422616739489 73.7068339385936 37.4995764787759 100 0 = =
179 85.4493724694652 98.0611710526842 81.1570650379663 35.4211632411049 100 0 = =
243 85.2641857254691 98.0583727428633 77.2918454935622 35.1036825742765 100 0 = =
238 85.2644663114448 98.5392822735068 72.1124958732255 34.7438955711127 100 0 = =
174 85.4527395011743 98.0575732257716 76.4379333113239 34.1569638335768 100 0 = =


