#proc areadef
  rectangle: 1 1 6 4
  xrange: -1 257
  yrange: 0 3268600000
  xaxis.stubs: inc
  yaxis.stubs: inc
  xaxis.label: MPI rank
  yaxis.label: time (seconds)
  xaxis.stubrange: 0 256
  xaxis.stubvert: yes
  yscaletype: log
                                                                                
#proc getdata
data:
0 0 1634328132.837150 1.6343e+09 -1.0000e+00 0 
1 1 1634328132.837365 1.6343e+09 -1.0000e+00 0 
2 2 1634328132.836784 1.6343e+09 -1.0000e+00 0 
3 3 1634328132.837426 1.6343e+09 -1.0000e+00 0 
4 4 1634328132.837236 1.6343e+09 -1.0000e+00 0 
5 5 1634328132.837220 1.6343e+09 -1.0000e+00 0 
6 6 1634328132.837108 1.6343e+09 -1.0000e+00 0 
7 7 1634328132.836967 1.6343e+09 -1.0000e+00 0 
8 8 1634328132.837209 1.6343e+09 -1.0000e+00 0 
9 9 1634328132.837122 1.6343e+09 -1.0000e+00 0 
10 10 1634328132.837273 1.6343e+09 -1.0000e+00 0 
11 11 1634328132.837353 1.6343e+09 -1.0000e+00 0 
12 12 1634328132.837274 1.6343e+09 -1.0000e+00 0 
13 13 1634328132.836989 1.6343e+09 -1.0000e+00 0 
14 14 1634328132.837390 1.6343e+09 -1.0000e+00 0 
15 15 1634328132.837395 1.6343e+09 -1.0000e+00 0 
16 16 1634328132.837523 1.6343e+09 -1.0000e+00 0 
17 17 1634328132.837464 1.6343e+09 -1.0000e+00 0 
18 18 1634328132.837047 1.6343e+09 -1.0000e+00 0 
19 19 1634328132.837047 1.6343e+09 -1.0000e+00 0 
20 20 1634328132.837318 1.6343e+09 -1.0000e+00 0 
21 21 1634328132.837045 1.6343e+09 -1.0000e+00 0 
22 22 1634328132.836943 1.6343e+09 -1.0000e+00 0 
23 23 1634328132.836884 1.6343e+09 -1.0000e+00 0 
24 24 1634328132.837121 1.6343e+09 -1.0000e+00 0 
25 25 1634328132.836789 1.6343e+09 -1.0000e+00 0 
26 26 1634328132.837171 1.6343e+09 -1.0000e+00 0 
27 27 1634328132.837385 1.6343e+09 -1.0000e+00 0 
28 28 1634328132.837008 1.6343e+09 -1.0000e+00 0 
29 29 1634328132.837268 1.6343e+09 -1.0000e+00 0 
30 30 1634328132.837249 1.6343e+09 -1.0000e+00 0 
31 31 1634328132.836531 1.6343e+09 -1.0000e+00 0 
32 32 1634328132.837336 1.6343e+09 -1.0000e+00 0 
33 33 1634328132.837079 1.6343e+09 -1.0000e+00 0 
34 34 1634328132.837082 1.6343e+09 -1.0000e+00 0 
35 35 1634328132.837004 1.6343e+09 -1.0000e+00 0 
36 36 1634328132.837092 1.6343e+09 -1.0000e+00 0 
37 37 1634328132.837016 1.6343e+09 -1.0000e+00 0 
38 38 1634328132.837282 1.6343e+09 -1.0000e+00 0 
39 39 1634328132.836787 1.6343e+09 -1.0000e+00 0 
40 40 1634328132.837329 1.6343e+09 -1.0000e+00 0 
41 41 1634328132.836983 1.6343e+09 -1.0000e+00 0 
42 42 1634328132.837484 1.6343e+09 -1.0000e+00 0 
43 43 1634328132.837444 1.6343e+09 -1.0000e+00 0 
44 44 1634328132.837426 1.6343e+09 -1.0000e+00 0 
45 45 1634328132.837369 1.6343e+09 -1.0000e+00 0 
46 46 1634328132.836616 1.6343e+09 -1.0000e+00 0 
47 47 1634328132.836943 1.6343e+09 -1.0000e+00 0 
48 48 1634328132.837255 1.6343e+09 -1.0000e+00 0 
49 49 1634328132.836890 1.6343e+09 -1.0000e+00 0 
50 50 1634328132.837455 1.6343e+09 -1.0000e+00 0 
51 51 1634328132.836967 1.6343e+09 -1.0000e+00 0 
52 52 1634328132.837435 1.6343e+09 -1.0000e+00 0 
53 53 1634328132.837387 1.6343e+09 -1.0000e+00 0 
54 54 1634328132.836686 1.6343e+09 -1.0000e+00 0 
55 55 1634328132.837401 1.6343e+09 -1.0000e+00 0 
56 56 1634328132.837152 1.6343e+09 -1.0000e+00 0 
57 57 1634328132.837130 1.6343e+09 -1.0000e+00 0 
58 58 1634328132.837234 1.6343e+09 -1.0000e+00 0 
59 59 1634328132.837223 1.6343e+09 -1.0000e+00 0 
60 60 1634328132.837011 1.6343e+09 -1.0000e+00 0 
61 61 1634328132.837167 1.6343e+09 -1.0000e+00 0 
62 62 1634328132.837256 1.6343e+09 -1.0000e+00 0 
63 63 1634328132.837200 1.6343e+09 -1.0000e+00 0 
64 64 1634328132.837436 1.6343e+09 -1.0000e+00 0 
65 65 1634328132.837149 1.6343e+09 -1.0000e+00 0 
66 66 1634328132.837225 1.6343e+09 -1.0000e+00 0 
67 67 1634328132.836886 1.6343e+09 -1.0000e+00 0 
68 68 1634328132.837316 1.6343e+09 -1.0000e+00 0 
69 69 1634328132.837363 1.6343e+09 -1.0000e+00 0 
70 70 1634328132.837264 1.6343e+09 -1.0000e+00 0 
71 71 1634328132.836979 1.6343e+09 -1.0000e+00 0 
72 72 1634328132.837168 1.6343e+09 -1.0000e+00 0 
73 73 1634328132.837137 1.6343e+09 -1.0000e+00 0 
74 74 1634328132.837286 1.6343e+09 -1.0000e+00 0 
75 75 1634328132.837397 1.6343e+09 -1.0000e+00 0 
76 76 1634328132.836754 1.6343e+09 -1.0000e+00 0 
77 77 1634328132.836866 1.6343e+09 -1.0000e+00 0 
78 78 1634328132.837138 1.6343e+09 -1.0000e+00 0 
79 79 1634328132.837086 1.6343e+09 -1.0000e+00 0 
80 80 1634328132.836815 1.6343e+09 -1.0000e+00 0 
81 81 1634328132.837045 1.6343e+09 -1.0000e+00 0 
82 82 1634328132.836974 1.6343e+09 -1.0000e+00 0 
83 83 1634328132.837007 1.6343e+09 -1.0000e+00 0 
84 84 1634328132.837285 1.6343e+09 -1.0000e+00 0 
85 85 1634328132.837275 1.6343e+09 -1.0000e+00 0 
86 86 1634328132.837558 1.6343e+09 -1.0000e+00 0 
87 87 1634328132.837392 1.6343e+09 -1.0000e+00 0 
88 88 1634328132.837309 1.6343e+09 -1.0000e+00 0 
89 89 1634328132.836959 1.6343e+09 -1.0000e+00 0 
90 90 1634328132.837318 1.6343e+09 -1.0000e+00 0 
91 91 1634328132.837083 1.6343e+09 -1.0000e+00 0 
92 92 1634328132.837430 1.6343e+09 -1.0000e+00 0 
93 93 1634328132.836815 1.6343e+09 -1.0000e+00 0 
94 94 1634328132.836978 1.6343e+09 -1.0000e+00 0 
95 95 1634328132.837347 1.6343e+09 -1.0000e+00 0 
96 96 1634328132.837205 1.6343e+09 -1.0000e+00 0 
97 97 1634328132.836818 1.6343e+09 -1.0000e+00 0 
98 98 1634328132.837318 1.6343e+09 -1.0000e+00 0 
99 99 1634328132.837373 1.6343e+09 -1.0000e+00 0 
100 100 1634328132.836908 1.6343e+09 -1.0000e+00 0 
101 101 1634328132.837326 1.6343e+09 -1.0000e+00 0 
102 102 1634328132.836976 1.6343e+09 -1.0000e+00 0 
103 103 1634328132.837153 1.6343e+09 -1.0000e+00 0 
104 104 1634328132.836993 1.6343e+09 -1.0000e+00 0 
105 105 1634328132.837242 1.6343e+09 -1.0000e+00 0 
106 106 1634328132.837523 1.6343e+09 -1.0000e+00 0 
107 107 1634328132.836940 1.6343e+09 -1.0000e+00 0 
108 108 1634328132.837410 1.6343e+09 -1.0000e+00 0 
109 109 1634328132.836785 1.6343e+09 -1.0000e+00 0 
110 110 1634328132.836989 1.6343e+09 -1.0000e+00 0 
111 111 1634328132.836998 1.6343e+09 -1.0000e+00 0 
112 112 1634328132.837341 1.6343e+09 -1.0000e+00 0 
113 113 1634328132.836803 1.6343e+09 -1.0000e+00 0 
114 114 1634328132.837229 1.6343e+09 -1.0000e+00 0 
115 115 1634328132.837136 1.6343e+09 -1.0000e+00 0 
116 116 1634328132.837165 1.6343e+09 -1.0000e+00 0 
117 117 1634328132.836636 1.6343e+09 -1.0000e+00 0 
118 118 1634328132.837123 1.6343e+09 -1.0000e+00 0 
119 119 1634328132.837250 1.6343e+09 -1.0000e+00 0 
120 120 1634328132.837202 1.6343e+09 -1.0000e+00 0 
121 121 1634328132.837096 1.6343e+09 -1.0000e+00 0 
122 122 1634328132.837240 1.6343e+09 -1.0000e+00 0 
123 123 1634328132.837271 1.6343e+09 -1.0000e+00 0 
124 124 1634328132.837287 1.6343e+09 -1.0000e+00 0 
125 125 1634328132.837269 1.6343e+09 -1.0000e+00 0 
126 126 1634328132.837365 1.6343e+09 -1.0000e+00 0 
127 127 1634328132.837123 1.6343e+09 -1.0000e+00 0 
128 128 1634328132.837226 1.6343e+09 -1.0000e+00 0 
129 129 1634328132.837135 1.6343e+09 -1.0000e+00 0 
130 130 1634328132.837288 1.6343e+09 -1.0000e+00 0 
131 131 1634328132.836959 1.6343e+09 -1.0000e+00 0 
132 132 1634328132.837297 1.6343e+09 -1.0000e+00 0 
133 133 1634328132.837259 1.6343e+09 -1.0000e+00 0 
134 134 1634328132.836856 1.6343e+09 -1.0000e+00 0 
135 135 1634328132.837111 1.6343e+09 -1.0000e+00 0 
136 136 1634328132.837258 1.6343e+09 -1.0000e+00 0 
137 137 1634328132.837098 1.6343e+09 -1.0000e+00 0 
138 138 1634328132.836988 1.6343e+09 -1.0000e+00 0 
139 139 1634328132.836987 1.6343e+09 -1.0000e+00 0 
140 140 1634328132.837186 1.6343e+09 -1.0000e+00 0 
141 141 1634328132.837133 1.6343e+09 -1.0000e+00 0 
142 142 1634328132.837104 1.6343e+09 -1.0000e+00 0 
143 143 1634328132.836928 1.6343e+09 -1.0000e+00 0 
144 144 1634328132.836999 1.6343e+09 -1.0000e+00 0 
145 145 1634328132.837039 1.6343e+09 -1.0000e+00 0 
146 146 1634328132.836798 1.6343e+09 -1.0000e+00 0 
147 147 1634328132.837209 1.6343e+09 -1.0000e+00 0 
148 148 1634328132.837340 1.6343e+09 -1.0000e+00 0 
149 149 1634328132.836965 1.6343e+09 -1.0000e+00 0 
150 150 1634328132.836745 1.6343e+09 -1.0000e+00 0 
151 151 1634328132.837338 1.6343e+09 -1.0000e+00 0 
152 152 1634328132.837089 1.6343e+09 -1.0000e+00 0 
153 153 1634328132.837434 1.6343e+09 -1.0000e+00 0 
154 154 1634328132.837147 1.6343e+09 -1.0000e+00 0 
155 155 1634328132.837219 1.6343e+09 -1.0000e+00 0 
156 156 1634328132.837096 1.6343e+09 -1.0000e+00 0 
157 157 1634328132.837033 1.6343e+09 -1.0000e+00 0 
158 158 1634328132.837360 1.6343e+09 -1.0000e+00 0 
159 159 1634328132.837322 1.6343e+09 -1.0000e+00 0 
160 160 1634328132.837394 1.6343e+09 -1.0000e+00 0 
161 161 1634328132.837251 1.6343e+09 -1.0000e+00 0 
162 162 1634328132.836728 1.6343e+09 -1.0000e+00 0 
163 163 1634328132.837012 1.6343e+09 -1.0000e+00 0 
164 164 1634328132.836814 1.6343e+09 -1.0000e+00 0 
165 165 1634328132.837274 1.6343e+09 -1.0000e+00 0 
166 166 1634328132.837154 1.6343e+09 -1.0000e+00 0 
167 167 1634328132.837422 1.6343e+09 -1.0000e+00 0 
168 168 1634328132.837290 1.6343e+09 -1.0000e+00 0 
169 169 1634328132.836713 1.6343e+09 -1.0000e+00 0 
170 170 1634328132.836693 1.6343e+09 -1.0000e+00 0 
171 171 1634328132.837359 1.6343e+09 -1.0000e+00 0 
172 172 1634328132.837293 1.6343e+09 -1.0000e+00 0 
173 173 1634328132.836661 1.6343e+09 -1.0000e+00 0 
174 174 1634328132.837153 1.6343e+09 -1.0000e+00 0 
175 175 1634328132.837253 1.6343e+09 -1.0000e+00 0 
176 176 1634328132.836921 1.6343e+09 -1.0000e+00 0 
177 177 1634328132.837273 1.6343e+09 -1.0000e+00 0 
178 178 1634328132.837018 1.6343e+09 -1.0000e+00 0 
179 179 1634328132.837354 1.6343e+09 -1.0000e+00 0 
180 180 1634328132.837387 1.6343e+09 -1.0000e+00 0 
181 181 1634328132.836903 1.6343e+09 -1.0000e+00 0 
182 182 1634328132.837158 1.6343e+09 -1.0000e+00 0 
183 183 1634328132.837236 1.6343e+09 -1.0000e+00 0 
184 184 1634328132.837325 1.6343e+09 -1.0000e+00 0 
185 185 1634328132.837192 1.6343e+09 -1.0000e+00 0 
186 186 1634328132.837059 1.6343e+09 -1.0000e+00 0 
187 187 1634328132.836827 1.6343e+09 -1.0000e+00 0 
188 188 1634328132.837155 1.6343e+09 -1.0000e+00 0 
189 189 1634328132.837119 1.6343e+09 -1.0000e+00 0 
190 190 1634328132.837001 1.6343e+09 -1.0000e+00 0 
191 191 1634328132.836975 1.6343e+09 -1.0000e+00 0 
192 192 1634328132.837339 1.6343e+09 -1.0000e+00 0 
193 193 1634328132.836950 1.6343e+09 -1.0000e+00 0 
194 194 1634328132.836718 1.6343e+09 -1.0000e+00 0 
195 195 1634328132.837454 1.6343e+09 -1.0000e+00 0 
196 196 1634328132.837350 1.6343e+09 -1.0000e+00 0 
197 197 1634328132.837252 1.6343e+09 -1.0000e+00 0 
198 198 1634328132.837163 1.6343e+09 -1.0000e+00 0 
199 199 1634328132.837245 1.6343e+09 -1.0000e+00 0 
200 200 1634328132.837452 1.6343e+09 -1.0000e+00 0 
201 201 1634328132.836882 1.6343e+09 -1.0000e+00 0 
202 202 1634328132.836592 1.6343e+09 -1.0000e+00 0 
203 203 1634328132.837286 1.6343e+09 -1.0000e+00 0 
204 204 1634328132.837197 1.6343e+09 -1.0000e+00 0 
205 205 1634328132.837400 1.6343e+09 -1.0000e+00 0 
206 206 1634328132.836363 1.6343e+09 -1.0000e+00 0 
207 207 1634328132.837365 1.6343e+09 -1.0000e+00 0 
208 208 1634328132.837125 1.6343e+09 -1.0000e+00 0 
209 209 1634328132.837044 1.6343e+09 -1.0000e+00 0 
210 210 1634328132.837095 1.6343e+09 -1.0000e+00 0 
211 211 1634328132.837028 1.6343e+09 -1.0000e+00 0 
212 212 1634328132.837300 1.6343e+09 -1.0000e+00 0 
213 213 1634328132.837329 1.6343e+09 -1.0000e+00 0 
214 214 1634328132.837011 1.6343e+09 -1.0000e+00 0 
215 215 1634328132.836957 1.6343e+09 -1.0000e+00 0 
216 216 1634328132.837229 1.6343e+09 -1.0000e+00 0 
217 217 1634328132.837329 1.6343e+09 -1.0000e+00 0 
218 218 1634328132.837431 1.6343e+09 -1.0000e+00 0 
219 219 1634328132.836961 1.6343e+09 -1.0000e+00 0 
220 220 1634328132.837290 1.6343e+09 -1.0000e+00 0 
221 221 1634328132.837155 1.6343e+09 -1.0000e+00 0 
222 222 1634328132.837223 1.6343e+09 -1.0000e+00 0 
223 223 1634328132.837362 1.6343e+09 -1.0000e+00 0 
224 224 1634328132.837099 1.6343e+09 -1.0000e+00 0 
225 225 1634328132.837538 1.6343e+09 -1.0000e+00 0 
226 226 1634328132.837397 1.6343e+09 -1.0000e+00 0 
227 227 1634328132.836881 1.6343e+09 -1.0000e+00 0 
228 228 1634328132.837139 1.6343e+09 -1.0000e+00 0 
229 229 1634328132.836888 1.6343e+09 -1.0000e+00 0 
230 230 1634328132.836997 1.6343e+09 -1.0000e+00 0 
231 231 1634328132.837044 1.6343e+09 -1.0000e+00 0 
232 232 1634328132.837043 1.6343e+09 -1.0000e+00 0 
233 233 1634328132.836556 1.6343e+09 -1.0000e+00 0 
234 234 1634328132.837382 1.6343e+09 -1.0000e+00 0 
235 235 1634328132.837404 1.6343e+09 -1.0000e+00 0 
236 236 1634328132.836975 1.6343e+09 -1.0000e+00 0 
237 237 1634328132.837042 1.6343e+09 -1.0000e+00 0 
238 238 1634328132.837421 1.6343e+09 -1.0000e+00 0 
239 239 1634328132.837240 1.6343e+09 -1.0000e+00 0 
240 240 1634328132.837004 1.6343e+09 -1.0000e+00 0 
241 241 1634328132.837383 1.6343e+09 -1.0000e+00 0 
242 242 1634328132.836944 1.6343e+09 -1.0000e+00 0 
243 243 1634328132.837207 1.6343e+09 -1.0000e+00 0 
244 244 1634328132.837260 1.6343e+09 -1.0000e+00 0 
245 245 1634328132.837107 1.6343e+09 -1.0000e+00 0 
246 246 1634328132.837014 1.6343e+09 -1.0000e+00 0 
247 247 1634328132.837286 1.6343e+09 -1.0000e+00 0 
248 248 1634328132.836737 1.6343e+09 -1.0000e+00 0 
249 249 1634328132.836955 1.6343e+09 -1.0000e+00 0 
250 250 1634328132.837011 1.6343e+09 -1.0000e+00 0 
251 251 1634328132.836962 1.6343e+09 -1.0000e+00 0 
252 252 1634328132.837439 1.6343e+09 -1.0000e+00 0 
253 253 1634328132.837470 1.6343e+09 -1.0000e+00 0 
254 254 1634328132.837010 1.6343e+09 -1.0000e+00 0 
255 255 1634328132.837354 1.6343e+09 -1.0000e+00 0 
                                                                                
                                                                                
#proc lineplot
  xfield: 1
  yfield: 4
  legendlabel: ipm_syslog
  linedetails: color=red
  sort: yes
                                                                                
#proc lineplot
  xfield: 1
  yfield: 5
  legendlabel: ipm_report
  linedetails: color=green
  sort: yes
                                                                                
#proc legend
  location: max+0.4 max
//  reverseorder: yes
  seglen: 0.3
                                                                                
