#proc areadef
  rectangle: 1 1 6 4
  xrange: -1 257
  yrange:  0 2.18407e+01
  xaxis.stubs: inc
  yaxis.stubs: inc
  xaxis.stubrange: 0 256
  xaxis.stubvert: yes
  xaxis.label: MPI rank
  xaxis.labeldistance: 0.5
  yaxis.label: time in seconds
                                                                                
#proc getdata
data:
0 15 3.56205e+01 2.47430e+01 5.70059e-01 2.18407e+01 13.7798 
1 1 3.56201e+01 2.48458e+01 5.01840e-01 2.17985e+01 13.8216 
2 6 3.56206e+01 2.47413e+01 6.16873e-01 2.16932e+01 13.9274 
3 24 3.56208e+01 2.47236e+01 6.43087e-01 2.16687e+01 13.9521 
4 38 3.06280e+01 2.46862e+01 7.71906e-01 2.16653e+01 8.9627 
5 56 3.06281e+01 2.47125e+01 7.79802e-01 2.16137e+01 9.0144 
6 10 3.56196e+01 2.47120e+01 6.36837e-01 2.16123e+01 14.0073 
7 42 3.56313e+01 2.49377e+01 3.20924e-01 2.16009e+01 14.0304 
8 20 3.56211e+01 2.47231e+01 5.51413e-01 2.15601e+01 14.061 
9 33 3.06278e+01 2.47594e+01 8.03214e-01 2.15582e+01 9.0696 
10 52 3.06286e+01 2.47277e+01 8.21047e-01 2.15557e+01 9.0729 
11 29 3.56200e+01 2.48436e+01 5.07290e-01 2.15285e+01 14.0915 
12 61 3.06278e+01 2.47718e+01 7.53302e-01 2.14759e+01 9.1519 
13 47 3.56309e+01 2.48250e+01 2.44498e-01 2.13954e+01 14.2355 
14 93 3.56203e+01 2.48892e+01 9.33216e-01 2.11043e+01 14.516 
15 65 3.56210e+01 2.48044e+01 1.03220e+00 2.10984e+01 14.5226 
16 97 3.56196e+01 2.46923e+01 5.24796e-01 2.10421e+01 14.5775 
17 70 3.56211e+01 2.48230e+01 1.02371e+00 2.09484e+01 14.6727 
18 125 3.03641e+01 2.47588e+01 6.53627e-01 2.09166e+01 9.4475 
19 129 3.56247e+01 2.46837e+01 7.84724e-01 2.05710e+01 15.0537 
20 157 3.56246e+01 2.47080e+01 7.38557e-01 2.04712e+01 15.1534 
21 189 3.04536e+01 2.47371e+01 7.75652e-01 2.03574e+01 10.0962 
22 161 3.04537e+01 2.47779e+01 7.89347e-01 2.03087e+01 10.145 
23 239 3.03881e+01 2.47230e+01 8.18143e-01 2.02985e+01 10.0896 
24 193 3.04286e+01 2.46647e+01 6.34556e-01 2.02387e+01 10.1899 
25 102 3.03636e+01 2.47506e+01 6.39739e-01 2.01916e+01 10.172 
26 244 3.03895e+01 2.47061e+01 6.10721e-01 2.01685e+01 10.221 
27 230 3.03876e+01 2.46978e+01 8.44292e-01 2.01307e+01 10.2569 
28 225 3.03882e+01 2.46546e+01 8.32894e-01 2.01198e+01 10.2684 
29 198 3.56149e+01 2.45958e+01 3.27661e-01 2.00661e+01 15.5488 
30 248 3.03890e+01 2.46997e+01 8.17434e-01 2.00500e+01 10.339 
31 221 3.56148e+01 2.47929e+01 3.41259e-01 2.00438e+01 15.571 
32 88 3.56063e+01 2.48518e+01 1.02102e+00 2.00173e+01 15.589 
33 234 3.03890e+01 2.46502e+01 8.01636e-01 1.99512e+01 10.4378 
34 166 3.04551e+01 2.47795e+01 7.70633e-01 1.99351e+01 10.52 
35 253 3.03883e+01 2.46295e+01 8.23644e-01 1.99059e+01 10.4824 
36 134 3.56245e+01 2.47366e+01 7.30554e-01 1.98481e+01 15.7764 
37 216 3.56149e+01 2.45365e+01 3.06958e-01 1.92786e+01 16.3363 
38 207 3.04278e+01 2.47169e+01 5.94065e-01 1.89572e+01 11.4706 
39 202 3.56144e+01 2.46622e+01 3.02439e-01 1.89374e+01 16.677 
40 212 3.56150e+01 2.46496e+01 2.95870e-01 1.87183e+01 16.8967 
41 79 3.56205e+01 2.47272e+01 8.33584e-01 1.85791e+01 17.0414 
42 152 3.56252e+01 2.47236e+01 3.05654e-01 1.85603e+01 17.0649 
43 84 3.56207e+01 2.48611e+01 9.79619e-01 1.84778e+01 17.1429 
44 74 3.56135e+01 2.48628e+01 1.00380e+00 1.84564e+01 17.1571 
45 120 3.03638e+01 2.47212e+01 6.44741e-01 1.84544e+01 11.9094 
46 55 3.06282e+01 2.47361e+01 7.77692e-01 1.84111e+01 12.2171 
47 36 3.06281e+01 2.47290e+01 8.17294e-01 1.82876e+01 12.3405 
48 27 3.56201e+01 2.48289e+01 5.23808e-01 1.82295e+01 17.3906 
49 32 3.06280e+01 2.47378e+01 7.70954e-01 1.80982e+01 12.5298 
50 18 3.56206e+01 2.46606e+01 6.83010e-01 1.80531e+01 17.5675 
51 4 3.56209e+01 2.47078e+01 6.29482e-01 1.80303e+01 17.5906 
52 13 3.56198e+01 2.48356e+01 5.14359e-01 1.80296e+01 17.5902 
53 0 3.56200e+01 2.45977e+01 5.57558e-01 1.80196e+01 17.6004 
54 41 3.06276e+01 2.47078e+01 7.50494e-01 1.80128e+01 12.6148 
55 111 3.03637e+01 2.47576e+01 6.43364e-01 1.79826e+01 12.3811 
56 23 3.56197e+01 2.46374e+01 5.92971e-01 1.79733e+01 17.6464 
57 184 3.04553e+01 2.47295e+01 8.24894e-01 1.79543e+01 12.501 
58 59 3.06280e+01 2.46781e+01 7.57820e-01 1.79460e+01 12.682 
59 50 3.56313e+01 2.48911e+01 3.78235e-01 1.79268e+01 17.7045 
60 9 3.56199e+01 2.47636e+01 5.43372e-01 1.79262e+01 17.6937 
61 87 3.56208e+01 2.47383e+01 8.57142e-01 1.79234e+01 17.6974 
62 44 3.06286e+01 2.47502e+01 7.69672e-01 1.78692e+01 12.7594 
63 53 3.06282e+01 2.47265e+01 8.00450e-01 1.78318e+01 12.7964 
64 64 3.56209e+01 2.48917e+01 9.91509e-01 1.78272e+01 17.7937 
65 45 3.06281e+01 2.47425e+01 7.86461e-01 1.78245e+01 12.8036 
66 35 3.06276e+01 2.47702e+01 7.77841e-01 1.77856e+01 12.842 
67 39 3.06276e+01 2.48132e+01 7.45173e-01 1.77646e+01 12.863 
68 49 3.56308e+01 2.48735e+01 3.78533e-01 1.77536e+01 17.8772 
69 143 3.56244e+01 2.46509e+01 6.10982e-01 1.77410e+01 17.8834 
70 17 3.56202e+01 2.48943e+01 4.76763e-01 1.77304e+01 17.8898 
71 3 3.56201e+01 2.47660e+01 5.56348e-01 1.77023e+01 17.9178 
72 68 3.56210e+01 2.48238e+01 1.01944e+00 1.76791e+01 17.9419 
73 73 3.56205e+01 2.49024e+01 9.75864e-01 1.76658e+01 17.9547 
74 26 3.56208e+01 2.47209e+01 6.40639e-01 1.76313e+01 17.9895 
75 62 3.06280e+01 2.47032e+01 8.10095e-01 1.76293e+01 12.9987 
76 12 3.56201e+01 2.47203e+01 6.17297e-01 1.76245e+01 17.9956 
77 58 3.06283e+01 2.46725e+01 7.63006e-01 1.76142e+01 13.0141 
78 96 3.03638e+01 2.47313e+01 6.36629e-01 1.76123e+01 12.7515 
79 91 3.56204e+01 2.49071e+01 9.50913e-01 1.75990e+01 18.0214 
80 7 3.56197e+01 2.47537e+01 6.13799e-01 1.75838e+01 18.0359 
81 30 3.56208e+01 2.48079e+01 5.54205e-01 1.75810e+01 18.0398 
82 21 3.56198e+01 2.46171e+01 4.04145e-01 1.75548e+01 18.065 
83 106 3.03641e+01 2.45954e+01 7.19035e-01 1.75284e+01 12.8357 
84 128 3.56253e+01 2.47734e+01 7.04430e-01 1.75098e+01 18.1155 
85 77 3.56202e+01 2.49187e+01 9.14352e-01 1.74834e+01 18.1368 
86 175 3.04538e+01 2.47355e+01 7.99418e-01 1.74589e+01 12.9949 
87 67 3.56202e+01 2.49540e+01 9.06384e-01 1.74373e+01 18.1829 
88 82 3.56204e+01 2.46488e+01 1.08150e+00 1.74030e+01 18.2174 
89 116 3.56198e+01 2.47580e+01 5.40172e-01 1.73987e+01 18.2211 
90 81 3.56204e+01 2.49268e+01 9.14803e-01 1.73828e+01 18.2376 
91 123 3.56200e+01 2.47167e+01 4.72749e-01 1.73671e+01 18.2529 
92 138 3.56252e+01 2.46774e+01 7.80512e-01 1.73621e+01 18.2631 
93 71 3.56208e+01 2.49240e+01 9.19059e-01 1.73572e+01 18.2636 
94 76 3.56201e+01 2.48617e+01 9.76803e-01 1.73411e+01 18.279 
95 148 3.56249e+01 2.47356e+01 7.21171e-01 1.73400e+01 18.2849 
96 155 3.56251e+01 2.47778e+01 2.80960e-01 1.73313e+01 18.2938 
97 85 3.56129e+01 2.48956e+01 8.99525e-01 1.73029e+01 18.31 
98 119 3.03640e+01 2.46102e+01 6.81685e-01 1.72387e+01 13.1253 
99 90 3.56208e+01 2.48209e+01 9.89055e-01 1.72217e+01 18.3991 
100 94 3.56204e+01 2.48616e+01 7.92091e-01 1.72074e+01 18.413 
101 109 3.03634e+01 2.47821e+01 6.53685e-01 1.71303e+01 13.2331 
102 114 3.03638e+01 2.46936e+01 6.87606e-01 1.71253e+01 13.2385 
103 100 3.03635e+01 2.47389e+01 6.57036e-01 1.71195e+01 13.244 
104 105 3.03639e+01 2.47026e+01 6.43044e-01 1.71085e+01 13.2554 
105 108 3.03640e+01 2.47401e+01 6.69568e-01 1.70677e+01 13.2963 
106 103 3.03638e+01 2.47432e+01 6.51590e-01 1.70575e+01 13.3063 
107 160 3.04553e+01 2.47981e+01 7.61964e-01 1.70418e+01 13.4135 
108 180 3.04537e+01 2.47169e+01 8.08093e-01 1.69985e+01 13.4552 
109 122 3.56195e+01 2.49205e+01 4.84532e-01 1.69865e+01 18.633 
110 164 3.04533e+01 2.47258e+01 8.18654e-01 1.69829e+01 13.4704 
111 170 3.04547e+01 2.47487e+01 7.64345e-01 1.69403e+01 13.5144 
112 113 3.03636e+01 2.47485e+01 6.57289e-01 1.69401e+01 13.4235 
113 151 3.56249e+01 2.47821e+01 6.20281e-01 1.69312e+01 18.6937 
114 99 3.56202e+01 2.49057e+01 4.33669e-01 1.69254e+01 18.6948 
115 132 3.56255e+01 2.46150e+01 7.25112e-01 1.69219e+01 18.7036 
116 126 3.56200e+01 2.48628e+01 5.07571e-01 1.68905e+01 18.7295 
117 117 3.56194e+01 2.47591e+01 4.36658e-01 1.68292e+01 18.7902 
118 146 3.56248e+01 2.47067e+01 7.23171e-01 1.67281e+01 18.8967 
119 187 3.04532e+01 2.47261e+01 7.74597e-01 1.67270e+01 13.7262 
120 141 3.56247e+01 2.47945e+01 2.60412e-01 1.67241e+01 18.9006 
121 145 3.56246e+01 2.47818e+01 6.34192e-01 1.66721e+01 18.9525 
122 135 3.56246e+01 2.47493e+01 6.08600e-01 1.66665e+01 18.9581 
123 158 3.56254e+01 2.47255e+01 7.22721e-01 1.66645e+01 18.9609 
124 137 3.56247e+01 2.47826e+01 6.80667e-01 1.66616e+01 18.9631 
125 192 3.04279e+01 2.48269e+01 5.16067e-01 1.66413e+01 13.7866 
126 131 3.56245e+01 2.46757e+01 2.45997e-01 1.66127e+01 19.0118 
127 167 3.04538e+01 2.47008e+01 8.28215e-01 1.66102e+01 13.8436 
128 224 3.56392e+01 2.48493e+01 4.42085e-01 1.65587e+01 19.0805 
129 237 3.03879e+01 2.47752e+01 7.54257e-01 1.65244e+01 13.8635 
130 169 3.04534e+01 2.47696e+01 6.50916e-01 1.65236e+01 13.9298 
131 242 3.03874e+01 2.46554e+01 8.02376e-01 1.65213e+01 13.8661 
132 251 3.56396e+01 2.48460e+01 3.45319e-01 1.65040e+01 19.1356 
133 163 3.04536e+01 2.47230e+01 8.17853e-01 1.64975e+01 13.9561 
134 154 3.56252e+01 2.46633e+01 7.21587e-01 1.64819e+01 19.1433 
135 149 3.56245e+01 2.47703e+01 6.74717e-01 1.64679e+01 19.1566 
136 178 3.04536e+01 2.47534e+01 7.85701e-01 1.64450e+01 14.0086 
137 140 3.56251e+01 2.47075e+01 7.38833e-01 1.64308e+01 19.1943 
138 219 3.04286e+01 2.47497e+01 6.17149e-01 1.64235e+01 14.0051 
139 247 3.03880e+01 2.46854e+01 8.05641e-01 1.64208e+01 13.9672 
140 215 3.56146e+01 2.46067e+01 3.04141e-01 1.64163e+01 19.1983 
141 196 3.56151e+01 2.46366e+01 2.96457e-01 1.64019e+01 19.2132 
142 228 3.56396e+01 2.49413e+01 3.29834e-01 1.63936e+01 19.246 
143 173 3.04534e+01 2.47471e+01 6.62963e-01 1.63890e+01 14.0644 
144 210 3.04276e+01 2.46881e+01 6.42695e-01 1.63790e+01 14.0486 
145 183 3.04539e+01 2.47300e+01 7.97970e-01 1.63449e+01 14.109 
146 201 3.04285e+01 2.47383e+01 6.30429e-01 1.63417e+01 14.0868 
147 233 3.03870e+01 2.47411e+01 7.51056e-01 1.63306e+01 14.0564 
148 227 3.03877e+01 2.47516e+01 7.97713e-01 1.63203e+01 14.0674 
149 205 3.04292e+01 2.46993e+01 5.86695e-01 1.62300e+01 14.1992 
150 195 3.56155e+01 2.46112e+01 2.99992e-01 1.62298e+01 19.3857 
151 190 3.56243e+01 2.49182e+01 3.04801e-01 1.62145e+01 19.4098 
152 177 3.04539e+01 2.47227e+01 8.10818e-01 1.62136e+01 14.2403 
153 186 3.56244e+01 2.50151e+01 2.30851e-01 1.62110e+01 19.4134 
154 172 3.04553e+01 2.46505e+01 8.70769e-01 1.61974e+01 14.2579 
155 241 3.03879e+01 2.47726e+01 7.60451e-01 1.61864e+01 14.2015 
156 199 3.04291e+01 2.47275e+01 5.74579e-01 1.61810e+01 14.2481 
157 181 3.04536e+01 2.46855e+01 7.44515e-01 1.61469e+01 14.3067 
158 231 3.56397e+01 2.47331e+01 3.35676e-01 1.60771e+01 19.5626 
159 250 3.03893e+01 2.47219e+01 8.01691e-01 1.60695e+01 14.3198 
160 222 3.56150e+01 2.45701e+01 2.91801e-01 1.60655e+01 19.5495 
161 209 3.04287e+01 2.47630e+01 5.94048e-01 1.60359e+01 14.3928 
162 245 3.03877e+01 2.47555e+01 7.87212e-01 1.60236e+01 14.3641 
163 213 3.56150e+01 2.46076e+01 2.99794e-01 1.60022e+01 19.6128 
164 236 3.03892e+01 2.45999e+01 8.47427e-01 1.59968e+01 14.3924 
165 254 3.03893e+01 2.46956e+01 7.64626e-01 1.59924e+01 14.3969 
166 218 3.04280e+01 2.47629e+01 6.06033e-01 1.59492e+01 14.4788 
167 204 3.04277e+01 2.47234e+01 6.05847e-01 1.59413e+01 14.4864 
168 11 3.56201e+01 2.45739e+01 7.65320e-01 1.25618e+01 23.0583 
169 22 3.56206e+01 2.45804e+01 7.42897e-01 1.25022e+01 23.1184 
170 16 3.56203e+01 2.47113e+01 6.70380e-01 1.22358e+01 23.3845 
171 75 3.56214e+01 2.47125e+01 1.10602e+00 1.21465e+01 23.4749 
172 86 3.56209e+01 2.46618e+01 1.18829e+00 1.20323e+01 23.5886 
173 2 3.56214e+01 2.45832e+01 7.70249e-01 1.18613e+01 23.7601 
174 80 3.56129e+01 2.46254e+01 1.21160e+00 1.17615e+01 23.8514 
175 43 3.06282e+01 2.46467e+01 9.05984e-01 1.17179e+01 18.9103 
176 54 3.06279e+01 2.45904e+01 9.44147e-01 1.15701e+01 19.0578 
177 8 3.56208e+01 2.45315e+01 8.29678e-01 1.15502e+01 24.0706 
178 25 3.56195e+01 2.45576e+01 7.98923e-01 1.15155e+01 24.104 
179 31 3.56193e+01 2.46549e+01 6.39818e-01 1.15084e+01 24.1109 
180 139 3.56246e+01 2.46219e+01 7.90194e-01 1.14926e+01 24.132 
181 72 3.56205e+01 2.46683e+01 1.17517e+00 1.14450e+01 24.1755 
182 48 3.06284e+01 2.46072e+01 9.44160e-01 1.14348e+01 19.1936 
183 66 3.56206e+01 2.45875e+01 1.08875e+00 1.14003e+01 24.2203 
184 144 3.56250e+01 2.45833e+01 8.73822e-01 1.13247e+01 24.3003 
185 89 3.56203e+01 2.48097e+01 1.06404e+00 1.12613e+01 24.359 
186 150 3.56247e+01 2.46062e+01 8.47121e-01 1.12385e+01 24.3862 
187 95 3.56209e+01 2.48292e+01 8.88172e-01 1.11549e+01 24.466 
188 203 3.04277e+01 2.46032e+01 7.75879e-01 1.10620e+01 19.3657 
189 130 3.56250e+01 2.45566e+01 8.79422e-01 1.10308e+01 24.5942 
190 214 3.04275e+01 2.45771e+01 7.27320e-01 1.10272e+01 19.4003 
191 34 3.06281e+01 2.46048e+01 8.83355e-01 1.09172e+01 19.7109 
192 5 3.56200e+01 2.47530e+01 6.18019e-01 1.08853e+01 24.7347 
193 28 3.56206e+01 2.45729e+01 7.56093e-01 1.08656e+01 24.755 
194 136 3.56252e+01 2.45725e+01 8.71388e-01 1.08107e+01 24.8145 
195 57 3.56310e+01 2.48075e+01 4.72430e-01 1.07993e+01 24.8317 
196 159 3.56248e+01 2.46371e+01 8.13514e-01 1.07852e+01 24.8396 
197 208 3.04276e+01 2.45300e+01 8.05198e-01 1.07478e+01 19.6798 
198 118 3.03638e+01 2.45619e+01 8.01996e-01 1.07410e+01 19.6228 
199 107 3.03638e+01 2.46537e+01 7.80333e-01 1.06940e+01 19.6698 
200 153 3.56250e+01 2.45689e+01 8.99420e-01 1.06806e+01 24.9444 
201 40 3.06279e+01 2.46165e+01 9.49020e-01 1.06593e+01 19.9686 
202 69 3.56210e+01 2.47346e+01 1.12071e+00 1.06396e+01 24.9814 
203 92 3.56210e+01 2.46683e+01 1.13378e+00 1.05202e+01 25.1008 
204 63 3.06280e+01 2.45740e+01 8.53143e-01 1.04681e+01 20.1599 
205 112 3.56200e+01 2.47076e+01 6.75454e-01 1.04409e+01 25.1791 
206 98 3.03639e+01 2.45870e+01 7.97612e-01 1.04209e+01 19.943 
207 235 3.03880e+01 2.45941e+01 9.66966e-01 1.04192e+01 19.9688 
208 200 3.04280e+01 2.46313e+01 7.48823e-01 1.03997e+01 20.0283 
209 194 3.04273e+01 2.45974e+01 7.22615e-01 1.03673e+01 20.06 
210 14 3.56211e+01 2.45963e+01 7.57013e-01 1.03352e+01 25.2859 
211 246 3.03893e+01 2.45276e+01 7.84776e-01 1.02858e+01 20.1035 
212 171 3.56247e+01 2.47869e+01 4.64656e-01 1.02604e+01 25.3643 
213 133 3.56247e+01 2.46370e+01 7.03560e-01 1.01749e+01 25.4498 
214 19 3.56201e+01 2.46661e+01 5.42980e-01 1.01608e+01 25.4593 
215 223 3.56151e+01 2.45286e+01 3.55366e-01 1.01216e+01 25.4935 
216 240 3.03877e+01 2.45846e+01 8.93738e-01 1.01123e+01 20.2754 
217 217 3.56151e+01 2.45714e+01 6.49844e-01 1.01114e+01 25.5037 
218 104 3.03636e+01 2.45959e+01 8.27999e-01 1.00698e+01 20.2938 
219 60 3.06281e+01 2.45191e+01 9.16271e-01 1.00194e+01 20.6087 
220 83 3.56127e+01 2.45400e+01 9.84093e-01 9.99087e+00 25.62183 
221 176 3.04534e+01 2.45721e+01 9.80772e-01 9.97422e+00 20.47918 
222 37 3.06277e+01 2.45821e+01 9.10687e-01 9.90322e+00 20.72448 
223 182 3.04537e+01 2.45152e+01 8.85700e-01 9.86599e+00 20.58771 
224 127 3.56199e+01 2.46243e+01 5.65993e-01 9.83857e+00 25.78133 
225 162 3.04547e+01 2.46816e+01 8.38935e-01 9.80656e+00 20.64814 
226 168 3.04552e+01 2.46593e+01 8.91721e-01 9.68595e+00 20.76925 
227 156 3.56247e+01 2.45583e+01 4.72877e-01 9.66916e+00 25.95554 
228 78 3.56207e+01 2.46073e+01 1.13560e+00 9.64138e+00 25.97932 
229 121 3.56199e+01 2.44796e+01 6.18261e-01 9.63266e+00 25.98724 
230 226 3.03879e+01 2.45196e+01 8.92373e-01 9.54289e+00 20.84501 
231 232 3.03877e+01 2.45495e+01 9.90781e-01 9.43635e+00 20.95135 
232 249 3.56396e+01 2.47683e+01 5.03400e-01 9.41385e+00 26.22575 
233 46 3.06276e+01 2.44872e+01 9.51452e-01 9.37627e+00 21.25133 
234 191 3.04536e+01 2.45550e+01 8.87573e-01 9.28252e+00 21.17108 
235 51 3.06278e+01 2.46043e+01 8.76160e-01 9.26743e+00 21.36037 
236 197 3.04289e+01 2.45899e+01 7.42494e-01 9.25775e+00 21.17115 
237 220 3.04278e+01 2.46482e+01 7.19972e-01 9.22953e+00 21.19827 
238 142 3.56249e+01 2.45941e+01 8.60683e-01 9.18493e+00 26.43997 
239 147 3.56247e+01 2.46299e+01 7.91003e-01 9.10657e+00 26.51813 
240 185 3.04537e+01 2.45103e+01 9.22070e-01 9.04434e+00 21.40936 
241 124 3.03639e+01 2.45805e+01 8.05759e-01 9.00347e+00 21.36043 
242 101 3.03641e+01 2.46442e+01 7.72040e-01 8.99481e+00 21.36929 
243 255 3.03883e+01 2.45762e+01 9.01692e-01 8.86101e+00 21.52729 
244 165 3.56246e+01 2.47922e+01 4.57299e-01 8.63517e+00 26.98943 
245 206 3.04269e+01 2.45957e+01 7.88221e-01 8.60900e+00 21.8179 
246 110 3.56197e+01 2.47368e+01 6.66502e-01 8.54047e+00 27.07923 
247 211 3.04287e+01 2.45748e+01 7.63105e-01 8.53733e+00 21.89137 
248 115 3.03638e+01 2.46550e+01 7.86544e-01 8.38391e+00 21.97989 
249 188 3.04536e+01 2.45929e+01 8.89170e-01 8.24091e+00 22.21269 
250 252 3.03881e+01 2.46139e+01 9.36312e-01 8.20985e+00 22.17825 
251 229 3.03877e+01 2.45754e+01 8.93032e-01 8.19017e+00 22.19753 
252 179 3.04539e+01 2.45301e+01 9.83299e-01 7.73623e+00 22.71767 
253 243 3.03879e+01 2.45294e+01 9.36468e-01 7.66689e+00 22.72101 
254 238 3.03880e+01 2.46497e+01 8.73715e-01 7.58831e+00 22.79969 
255 174 3.04551e+01 2.45292e+01 9.26122e-01 7.46012e+00 22.99498 
 
#proc legend
  location: max+0.4 max
  seglen: 0.3
