#proc areadef
  rectangle: 1 1 6 4
  xrange: -1 65
  yrange: 0 3268600000
  xaxis.stubs: inc
  yaxis.stubs: inc
  xaxis.label: MPI rank
  yaxis.label: time (seconds)
  xaxis.stubrange: 0 64
  xaxis.stubvert: yes
  yscaletype: log
                                                                                
#proc getdata
data:
0 0 1634339211.951851 1.6343e+09 -1.0000e+00 0 
1 1 1634339211.951987 1.6343e+09 -1.0000e+00 0 
2 2 1634339211.951802 1.6343e+09 -1.0000e+00 0 
3 3 1634339211.951809 1.6343e+09 -1.0000e+00 0 
4 4 1634339211.951533 1.6343e+09 -1.0000e+00 0 
5 5 1634339211.951571 1.6343e+09 -1.0000e+00 0 
6 6 1634339211.951969 1.6343e+09 -1.0000e+00 0 
7 7 1634339211.951743 1.6343e+09 -1.0000e+00 0 
8 8 1634339211.952098 1.6343e+09 -1.0000e+00 0 
9 9 1634339211.951145 1.6343e+09 -1.0000e+00 0 
10 10 1634339211.951866 1.6343e+09 -1.0000e+00 0 
11 11 1634339211.952010 1.6343e+09 -1.0000e+00 0 
12 12 1634339211.951602 1.6343e+09 -1.0000e+00 0 
13 13 1634339211.951475 1.6343e+09 -1.0000e+00 0 
14 14 1634339211.950973 1.6343e+09 -1.0000e+00 0 
15 15 1634339211.951712 1.6343e+09 -1.0000e+00 0 
16 16 1634339211.951615 1.6343e+09 -1.0000e+00 0 
17 17 1634339211.951599 1.6343e+09 -1.0000e+00 0 
18 18 1634339211.951926 1.6343e+09 -1.0000e+00 0 
19 19 1634339211.951916 1.6343e+09 -1.0000e+00 0 
20 20 1634339211.951662 1.6343e+09 -1.0000e+00 0 
21 21 1634339211.951509 1.6343e+09 -1.0000e+00 0 
22 22 1634339211.951920 1.6343e+09 -1.0000e+00 0 
23 23 1634339211.951755 1.6343e+09 -1.0000e+00 0 
24 24 1634339211.951868 1.6343e+09 -1.0000e+00 0 
25 25 1634339211.951124 1.6343e+09 -1.0000e+00 0 
26 26 1634339211.951316 1.6343e+09 -1.0000e+00 0 
27 27 1634339211.951682 1.6343e+09 -1.0000e+00 0 
28 28 1634339211.951498 1.6343e+09 -1.0000e+00 0 
29 29 1634339211.951833 1.6343e+09 -1.0000e+00 0 
30 30 1634339211.951448 1.6343e+09 -1.0000e+00 0 
31 31 1634339211.951778 1.6343e+09 -1.0000e+00 0 
32 32 1634339211.951967 1.6343e+09 -1.0000e+00 0 
33 33 1634339211.951925 1.6343e+09 -1.0000e+00 0 
34 34 1634339211.951393 1.6343e+09 -1.0000e+00 0 
35 35 1634339211.951679 1.6343e+09 -1.0000e+00 0 
36 36 1634339211.952154 1.6343e+09 -1.0000e+00 0 
37 37 1634339211.951552 1.6343e+09 -1.0000e+00 0 
38 38 1634339211.951994 1.6343e+09 -1.0000e+00 0 
39 39 1634339211.951994 1.6343e+09 -1.0000e+00 0 
40 40 1634339211.951868 1.6343e+09 -1.0000e+00 0 
41 41 1634339211.951889 1.6343e+09 -1.0000e+00 0 
42 42 1634339211.951750 1.6343e+09 -1.0000e+00 0 
43 43 1634339211.951556 1.6343e+09 -1.0000e+00 0 
44 44 1634339211.951543 1.6343e+09 -1.0000e+00 0 
45 45 1634339211.951930 1.6343e+09 -1.0000e+00 0 
46 46 1634339211.951565 1.6343e+09 -1.0000e+00 0 
47 47 1634339211.952008 1.6343e+09 -1.0000e+00 0 
48 48 1634339211.951653 1.6343e+09 -1.0000e+00 0 
49 49 1634339211.951484 1.6343e+09 -1.0000e+00 0 
50 50 1634339211.951542 1.6343e+09 -1.0000e+00 0 
51 51 1634339211.952143 1.6343e+09 -1.0000e+00 0 
52 52 1634339211.951886 1.6343e+09 -1.0000e+00 0 
53 53 1634339211.951904 1.6343e+09 -1.0000e+00 0 
54 54 1634339211.951874 1.6343e+09 -1.0000e+00 0 
55 55 1634339211.951587 1.6343e+09 -1.0000e+00 0 
56 56 1634339211.951607 1.6343e+09 -1.0000e+00 0 
57 57 1634339211.951831 1.6343e+09 -1.0000e+00 0 
58 58 1634339211.951421 1.6343e+09 -1.0000e+00 0 
59 59 1634339211.951656 1.6343e+09 -1.0000e+00 0 
60 60 1634339211.952178 1.6343e+09 -1.0000e+00 0 
61 61 1634339211.951608 1.6343e+09 -1.0000e+00 0 
62 62 1634339211.951928 1.6343e+09 -1.0000e+00 0 
63 63 1634339211.951583 1.6343e+09 -1.0000e+00 0 
                                                                                
                                                                                
#proc lineplot
  xfield: 1
  yfield: 4
  legendlabel: ipm_syslog
  linedetails: color=red
  sort: yes
                                                                                
#proc lineplot
  xfield: 1
  yfield: 5
  legendlabel: ipm_report
  linedetails: color=green
  sort: yes
                                                                                
#proc legend
  location: max+0.4 max
//  reverseorder: yes
  seglen: 0.3
                                                                                
