#proc areadef
  rectangle: 1 1 6 4
  xrange: -1 65
  yrange:  0 10.00915
  xaxis.stubs: inc
  yaxis.stubs: inc
  xaxis.stubrange: 0 64
  xaxis.stubvert: yes
  xaxis.label: sorted index
  xaxis.labeldistance: 0.5
  yaxis.label: time in seconds
                                                                                
#proc getdata
data:
0 25 1.08534e+01 8.85972e+00 8.98864e-01 2.32201e+00 8.53139
1 52 1.08600e+01 8.84490e+00 1.05189e+00 2.25341e+00 8.60659
2 39 1.08604e+01 8.86161e+00 1.04826e+00 2.20962e+00 8.65078
3 41 1.08604e+01 8.87805e+00 1.04835e+00 2.18425e+00 8.67615
4 33 1.08604e+01 8.88152e+00 1.02914e+00 2.15325e+00 8.70715
5 24 1.08535e+01 8.84654e+00 9.86703e-01 2.13085e+00 8.72265
6 61 1.08589e+01 8.86759e+00 1.02494e+00 2.10818e+00 8.75072
7 51 1.08602e+01 8.86620e+00 1.05440e+00 2.10619e+00 8.75401
8 55 1.08587e+01 8.89850e+00 1.00921e+00 2.09190e+00 8.7668
9 13 1.08535e+01 8.85451e+00 9.52634e-01 2.07657e+00 8.77693
10 40 1.08602e+01 8.86964e+00 1.03130e+00 2.06437e+00 8.79583
11 47 1.08603e+01 8.86479e+00 1.03075e+00 2.03593e+00 8.82437
12 38 1.08607e+01 8.84250e+00 1.01899e+00 2.02518e+00 8.83552
13 2 1.08534e+01 8.79607e+00 1.06407e+00 2.02224e+00 8.83116
14 31 1.08540e+01 8.82672e+00 1.00383e+00 2.02205e+00 8.83195
15 3 1.08537e+01 8.86576e+00 8.97563e-01 2.01278e+00 8.84092
16 29 1.08538e+01 8.85209e+00 9.90211e-01 1.99671e+00 8.85709
17 16 1.08534e+01 8.79960e+00 1.02410e+00 1.98112e+00 8.87228
18 1 1.08534e+01 8.91001e+00 8.74527e-01 1.97431e+00 8.87909
19 11 1.08543e+01 8.88144e+00 8.87626e-01 1.96861e+00 8.88569
20 9 1.08534e+01 8.89275e+00 9.05124e-01 1.96353e+00 8.88987
21 20 1.08539e+01 8.82167e+00 1.00820e+00 1.96019e+00 8.89371
22 22 1.08540e+01 8.79695e+00 1.01825e+00 1.94790e+00 8.9061
23 56 1.08584e+01 8.89107e+00 9.97301e-01 1.93464e+00 8.92376
24 21 1.08538e+01 8.82038e+00 9.30169e-01 1.93090e+00 8.9229
25 7 1.08539e+01 8.79828e+00 9.90055e-01 1.91148e+00 8.94242
26 49 1.08588e+01 8.88194e+00 1.02433e+00 1.89208e+00 8.96672
27 34 1.08601e+01 8.83920e+00 1.05776e+00 1.89096e+00 8.96914
28 15 1.08539e+01 8.83004e+00 9.20477e-01 1.88070e+00 8.9732
29 4 1.08537e+01 8.86672e+00 9.79140e-01 1.86519e+00 8.98851
30 12 1.08533e+01 8.83719e+00 9.82277e-01 1.85475e+00 8.99855
31 59 1.08590e+01 8.88211e+00 1.03354e+00 1.85225e+00 9.00675
32 19 1.08537e+01 8.87763e+00 8.79821e-01 1.82571e+00 9.02799
33 53 1.08589e+01 8.86223e+00 1.04668e+00 1.79615e+00 9.06275
34 57 1.08593e+01 8.86429e+00 1.06225e+00 1.77891e+00 9.08039
35 54 1.08587e+01 8.88088e+00 9.89065e-01 1.77109e+00 9.08761
36 30 1.08537e+01 8.83742e+00 9.51176e-01 1.76779e+00 9.08591
37 5 1.08537e+01 8.89135e+00 8.69982e-01 1.76324e+00 9.09046
38 17 1.08533e+01 8.84305e+00 1.00164e+00 1.75878e+00 9.09452
39 36 1.08606e+01 8.85676e+00 1.03779e+00 1.74732e+00 9.11328
40 46 1.08599e+01 8.84043e+00 1.03417e+00 1.73361e+00 9.12629
41 26 1.08530e+01 8.76979e+00 1.06263e+00 1.73125e+00 9.12175
42 28 1.08531e+01 8.80735e+00 1.02448e+00 1.72503e+00 9.12807
43 48 1.08600e+01 8.85544e+00 1.02592e+00 1.72081e+00 9.13919
44 23 1.08535e+01 8.85740e+00 9.19334e-01 1.71175e+00 9.14175
45 18 1.08541e+01 8.77237e+00 1.05911e+00 1.70720e+00 9.1469
46 42 1.08605e+01 8.84189e+00 1.01426e+00 1.68960e+00 9.1709
47 35 1.08599e+01 8.88984e+00 1.02960e+00 1.68073e+00 9.17917
48 50 1.08595e+01 8.82947e+00 1.02597e+00 1.66791e+00 9.19159
49 8 1.08540e+01 8.84051e+00 9.89043e-01 1.65455e+00 9.19945
50 32 1.08605e+01 8.86318e+00 1.01955e+00 1.64892e+00 9.21158
51 62 1.08601e+01 8.82559e+00 1.06127e+00 1.64758e+00 9.21252
52 44 1.08599e+01 8.85584e+00 1.02981e+00 1.64645e+00 9.21345
53 45 1.08604e+01 8.86884e+00 1.03718e+00 1.62816e+00 9.23224
54 6 1.08538e+01 8.83673e+00 1.01287e+00 1.60816e+00 9.24564
55 37 1.08598e+01 8.85142e+00 1.05169e+00 1.60280e+00 9.257
56 60 1.08590e+01 8.81539e+00 1.09914e+00 1.59081e+00 9.26819
57 63 1.08587e+01 8.84094e+00 1.00723e+00 1.58698e+00 9.27172
58 43 1.08598e+01 8.89518e+00 1.02473e+00 1.58671e+00 9.27309
59 0 1.08541e+01 8.79356e+00 1.04252e+00 1.57823e+00 9.27587
60 10 1.08541e+01 8.81947e+00 1.00140e+00 1.52658e+00 9.32752
61 58 1.08583e+01 8.86865e+00 1.01345e+00 1.36525e+00 9.49305
62 14 1.08526e+01 8.79070e+00 1.03032e+00 1.31192e+00 9.54068
63 27 1.08539e+01 8.87062e+00 9.29921e-01 1.26537e+00 9.58853
                                                                                
 #proc bars
  lenfield: 4
  locfield: 1
  color: blue
  legendlabel: user 
  barwidth: 
  outline: no
  #saveas A

 #proc bars
  #clone: A
  lenfield: 5
  color: yellow
  legendlabel: system
  stackfields: *
                                                                                
#proc lineplot
 xfield: 1
 yfield: 3
 legendlabel: wall
 linedetails: color=red
 sort: yes

#proc lineplot
 xfield: 1
 yfield: 6
 legendlabel: mpi
 linedetails: color=green
 sort: yes

#proc legend
  location: max+0.4 max
  seglen: 0.3

