//#rank wtime utime stime mtime pcomm gbyte gflop bytes_tx bytes_rx
25 99.9327851795925 99.4355786357142 81.7788452790363 100 100 0 = =
52 99.9935547432486 99.2692488560619 95.7011845624761 97.045663024707 100 0 = =
39 99.9972377471065 99.4567907331193 95.3709263606092 95.1597969000995 100 0 = =
41 99.9972377471065 99.6413023105473 95.3791145804902 94.0672090128811 100 0 = =
33 99.9972377471065 99.6802472724498 93.6313845370016 92.7321587762327 100 0 = =
24 99.933705930557 99.2876551204768 89.7704569026694 91.7674773149125 100 0 = =
61 99.9834264826393 99.5239062582421 93.2492676092218 90.7911679966925 100 0 = =
51 99.9953962451776 99.5083058268172 95.9295449169351 90.705466384727 100 0 = =
55 99.9815849807103 99.8708194491364 91.8181487344651 90.0900512917688 100 0 = =
13 99.933705930557 99.3771050762008 86.6708517568281 89.4298474166778 100 0 = =
40 99.9953962451776 99.5469140887609 93.8279018141456 88.9044405493516 100 0 = =
47 99.9963169961421 99.4924809287532 93.7778626926506 87.6796396225684 100 0 = =
38 100 99.2423128593571 92.7079352948669 87.2166786534081 100 0 = =
2 99.9327851795925 98.7212135564382 96.8093236530378 87.0900642116098 100 0 = =
31 99.9383096853794 99.0652086810228 91.3286751460232 87.0818816456432 100 0 = =
3 99.9355474324859 99.5033675607547 81.6604800116455 86.6826585587487 100 0 = =
29 99.9364681834504 99.3499446128568 90.0896155175865 85.9905857425248 100 0 = =
16 99.9327851795925 98.7608319182582 93.1728442236658 85.3191846719006 100 0 = =
1 99.9327851795925 100 79.5646596429936 85.0259042812046 100 0 = =
11 99.9410719382729 99.6793494058929 80.7564095565624 84.780427302208 100 0 = =
9 99.9327851795925 99.8062852903644 82.3483814618702 84.5616513279443 100 0 = =
20 99.9373889344149 99.008530854623 91.7262587113561 84.4178104314796 100 0 = =
22 99.9383096853794 98.7310900885633 92.6406099314009 83.8885276118535 100 0 = =
56 99.9788227278168 99.787430092671 90.7346652837673 83.3174706396613 100 0 = =
21 99.9364681834504 98.9940527563942 84.6269810943101 83.1564032885302 100 0 = =
7 99.9373889344149 98.7460171200706 90.0754226031261 82.320058914475 100 0 = =
49 99.9825057316748 99.6849610718731 93.1937696744728 81.484575863153 100 0 = =
34 99.9944754942131 99.2052758638879 96.235238459159 81.436341790087 100 0 = =
15 99.9373889344149 99.1024701431312 83.7452007933475 80.9944832278931 100 0 = =
4 99.9355474324859 99.5141419594366 89.0823734920028 80.3265274482022 100 0 = =
12 99.931864428628 99.1827169666476 89.3677784449661 79.8769169814084 100 0 = =
59 99.9843472336037 99.6868690383064 94.0316975089615 79.7692516397431 100 0 = =
19 99.9355474324859 99.636588511124 80.0463089324381 78.6262763726254 100 0 = =
53 99.9834264826393 99.4637491989347 95.2271776115873 77.3532413727762 100 0 = =
57 99.9871094864972 99.486869262773 96.6437396509999 76.610781176653 100 0 = =
54 99.9815849807103 99.6730643399951 89.9853521844351 76.2740039879243 100 0 = =
30 99.9355474324859 99.1852983329985 86.5382025947559 76.1318857369262 100 0 = =
5 99.9355474324859 99.7905726256199 79.1511545390032 75.9359348150955 100 0 = =
17 99.931864428628 99.2484856919352 91.1294284622523 75.7438598455648 100 0 = =
36 99.9990792490355 99.4023575731116 94.4183634477864 75.2503219193716 100 0 = =
46 99.9926339922841 99.2190805621992 94.0890150481285 74.6598851856797 100 0 = =
26 99.9291021757345 98.4262643925203 96.6783121349418 74.5582491031477 100 0 = =
28 99.930022926699 98.8478127409509 93.2074167076078 74.2903777330847 100 0 = =
48 99.9935547432486 99.3875427749239 93.3384282257037 74.1086386363538 100 0 = =
23 99.933705930557 99.4095405055662 83.6412104008588 73.7184594381592 100 0 = =
18 99.9392304363439 98.455220588978 96.3580617573739 73.5225085163285 100 0 = =
42 99.998158498071 99.2354666268613 92.27759885001 72.7645445110056 100 0 = =
35 99.9926339922841 99.7736253943598 93.6732354386156 72.3825478787774 100 0 = =
50 99.9889509884262 99.0960728439138 93.3429772367487 71.8304400067183 100 0 = =
8 99.9383096853794 99.219978428756 89.9833506195753 71.2550764208595 100 0 = =
32 99.998158498071 99.474411364297 92.7588842185709 71.0126140714295 100 0 = =
62 99.9944754942131 99.0525263159076 96.5545790345179 70.954905448297 100 0 = =
44 99.9926339922841 99.3920321077081 93.6923412850046 70.9062407138643 100 0 = =
45 99.9972377471065 99.5379354231926 94.3628655130375 70.1185610742417 100 0 = =
6 99.9364681834504 99.1775542339459 92.151136342959 69.2572383409202 100 0 = =
37 99.9917132413196 99.3424249804433 95.6829885182961 69.02640384839 100 0 = =
60 99.9843472336037 98.9380483299121 100 68.5100408697637 100 0 = =
63 99.9815849807103 99.2248044614989 91.6380078970832 68.3450975663326 100 0 = =
43 99.9917132413196 99.8335579870281 93.2301617628328 68.3334697094328 100 0 = =
0 99.9392304363439 98.6930429932177 94.8486998926434 67.9682688705044 100 0 = =
10 99.9392304363439 98.9838395243103 91.1075932092363 65.7439029117015 100 0 = =
58 99.9779019768523 99.5358029901201 92.203904871081 58.7960430833631 100 0 = =
14 99.9254191718766 98.6609442638111 93.7387411976636 56.4993260149612 100 0 = =
27 99.9373889344149 99.557912954082 84.6044179995269 54.4945973531552 100 0 = =


